O     0
S    1   1.00
    317.096000000000         1.000000000000
S    1   1.00
    160.393000000000         1.000000000000
S    1   1.00
     81.129000000000         1.000000000000
S    1   1.00
     41.037000000000         1.000000000000
S    1   1.00
     20.757000000000         1.000000000000
S    16   1.00
 570800.000000000000         0.000005600000
  85480.000000000000         0.000043100000
  19460.000000000000         0.000226700000
   5512.000000000000         0.000956400000
   1798.000000000000         0.003473200000
    648.900000000000         0.011197800000
    253.100000000000         0.032387700000
    104.900000000000         0.082859800000
     45.650000000000         0.179583800000
     20.620000000000         0.305221100000
      9.587000000000         0.340893500000
      4.493000000000         0.177426100000
      1.837000000000         0.020491100000
      0.834900000000        -0.000968100000
      0.365800000000         0.001057100000
      0.157000000000        -0.000097200000
S    1   1.00
      4.493000000000         1.000000000000
S    1   1.00
      1.837000000000         1.000000000000
S    1   1.00
      0.834900000000         1.000000000000
S    16   1.00
 570800.000000000000        -0.000001300000
  85480.000000000000        -0.000009800000
  19460.000000000000        -0.000051500000
   5512.000000000000        -0.000217000000
   1798.000000000000        -0.000791600000
    648.900000000000        -0.002559000000
    253.100000000000        -0.007533100000
    104.900000000000        -0.019789000000
     45.650000000000        -0.046062900000
     20.620000000000        -0.089195600000
      9.587000000000        -0.137542200000
      4.493000000000        -0.105119500000
      1.837000000000         0.144771400000
      0.834900000000         0.441463400000
      0.365800000000         0.444681400000
      0.157000000000         0.128242600000
S    1   1.00
      0.365800000000         1.000000000000
S    1   1.00
      0.157000000000         1.000000000000
S    1   1.00
      0.059350000000         1.000000000000
P    1   1.00
    358.911000000000         1.000000000000
P    1   1.00
    161.818000000000         1.000000000000
P    1   1.00
     72.957000000000         1.000000000000
P    1   1.00
     32.893000000000         1.000000000000
P    1   1.00
     14.830000000000         1.000000000000
P    1   1.00
      2.732000000000         1.000000000000
P    1   1.00
      1.227000000000         1.000000000000
P    10   1.00
    525.600000000000         0.000166600000
    124.600000000000         0.001433400000
     40.340000000000         0.007547600000
     15.180000000000         0.028594600000
      6.245000000000         0.084388600000
      2.732000000000         0.187483400000
      1.227000000000         0.297905800000
      0.549200000000         0.338557600000
      0.241800000000         0.247260900000
      0.102500000000         0.070033500000
P    1   1.00
      0.549200000000         1.000000000000
P    1   1.00
      0.241800000000         1.000000000000
P    1   1.00
      0.102500000000         1.000000000000
P    1   1.00
      0.038800000000         1.000000000000
D    1   1.00
    250.830000000000         1.000000000000
D    1   1.00
    108.163000000000         1.000000000000
D    1   1.00
     46.642000000000         1.000000000000
D    1   1.00
     20.113000000000         1.000000000000
D    1   1.00
      8.253000000000         1.000000000000
D    1   1.00
      3.597000000000         1.000000000000
D    1   1.00
      1.568000000000         1.000000000000
D    1   1.00
      0.684000000000         1.000000000000
D    1   1.00
      0.298000000000         1.000000000000
D    1   1.00
      0.115000000000         1.000000000000
F    1   1.00
    136.111000000000         1.000000000000
F    1   1.00
     48.855000000000         1.000000000000
F    1   1.00
     17.536000000000         1.000000000000
F    1   1.00
      5.430000000000         1.000000000000
F    1   1.00
      2.416000000000         1.000000000000
F    1   1.00
      1.075000000000         1.000000000000
F    1   1.00
      0.478000000000         1.000000000000
F    1   1.00
      0.195000000000         1.000000000000
G    1   1.00
     81.628000000000         1.000000000000
G    1   1.00
     24.065000000000         1.000000000000
G    1   1.00
      5.211000000000         1.000000000000
G    1   1.00
      2.190000000000         1.000000000000
G    1   1.00
      0.920000000000         1.000000000000
G    1   1.00
      0.406000000000         1.000000000000
H    1   1.00
     62.850000000000         1.000000000000
H    1   1.00
      3.872000000000         1.000000000000
H    1   1.00
      1.505000000000         1.000000000000
H    1   1.00
      0.748000000000         1.000000000000
I    1   1.00
      2.773000000000         1.000000000000
I    1   1.00
      1.345000000000         1.000000000000
****
