O     0
S   11   1.00
 570800.0000000              0.00000555       
  85480.0000000              0.00004311       
  19460.0000000              0.00022667       
   5512.0000000              0.00095637       
   1798.0000000              0.00347320       
    648.9000000              0.01119778       
    253.1000000              0.03238766       
    104.9000000              0.08285977       
     45.6500000              0.17958381       
     20.6200000              0.30522110       
      9.5870000              0.34089349       
S   11   1.00
 570800.0000000             -0.00000126       
  85480.0000000             -0.00000977       
  19460.0000000             -0.00005148       
   5512.0000000             -0.00021696       
   1798.0000000             -0.00079162       
    648.9000000             -0.00255900       
    253.1000000             -0.00753313       
    104.9000000             -0.01978897       
     45.6500000             -0.04606288       
     20.6200000             -0.08919560       
      9.5870000             -0.13754216       
S   1   1.00
      4.4930000              1.0000000        
S   1   1.00
      1.8370000              1.0000000        
S   1   1.00
      0.8349000              1.0000000        
S   1   1.00
      0.3658000              1.0000000        
S   1   1.00
      0.1570000              1.0000000        
P   5   1.00
    525.6000000              0.00016664       
    124.6000000              0.00143336       
     40.3400000              0.00754762       
     15.1800000              0.02859456       
      6.2450000              0.08438858       
P   1   1.00
      2.7320000              1.0000000        
P   1   1.00
      1.2270000              1.0000000        
P   1   1.00
      0.5492000              1.0000000        
P   1   1.00
      0.2418000              1.0000000        
P   1   1.00
      0.1025000              1.0000000        
D   1   1.00
      8.2530000              1.0000000        
D   1   1.00
      3.5970000              1.0000000        
D   1   1.00
      1.5680000              1.0000000        
D   1   1.00
      0.6840000              1.0000000        
D   1   1.00
      0.2980000              1.0000000        
F   1   1.00
      5.4300000              1.0000000        
F   1   1.00
      2.4160000              1.0000000        
F   1   1.00
      1.0750000              1.0000000        
F   1   1.00
      0.4780000              1.0000000        
G   1   1.00
      5.2110000              1.0000000        
G   1   1.00
      2.1900000              1.0000000        
G   1   1.00
      0.9200000              1.0000000        
H   1   1.00
      3.8720000              1.0000000        
H   1   1.00
      1.5050000              1.0000000        
I   1   1.00
      2.7730000              1.0000000        
S   1   1.00
    317.0960000              1.0000000        
S   1   1.00
    160.3930000              1.0000000        
S   1   1.00
     81.1290000              1.0000000        
S   1   1.00
     41.0370000              1.0000000        
S   1   1.00
     20.7570000              1.0000000        
P   1   1.00
    358.9110000              1.0000000        
P   1   1.00
    161.8180000              1.0000000        
P   1   1.00
     72.9570000              1.0000000        
P   1   1.00
     32.8930000              1.0000000        
P   1   1.00
     14.8300000              1.0000000        
D   1   1.00
    250.8300000              1.0000000        
D   1   1.00
    108.1630000              1.0000000        
D   1   1.00
     46.6420000              1.0000000        
D   1   1.00
     20.1130000              1.0000000        
F   1   1.00
    136.1110000              1.0000000        
F   1   1.00
     48.8550000              1.0000000        
F   1   1.00
     17.5360000              1.0000000        
G   1   1.00
     81.6280000              1.0000000        
G   1   1.00
     24.0650000              1.0000000        
H   1   1.00
     62.8500000              1.0000000        
S   1   1.00
      0.0593500              1.0000000        
P   1   1.00
      0.0338000              1.0000000        
D   1   1.00
      0.1150000              1.0000000        
F   1   1.00
      0.1950000              1.0000000        
G   1   1.00
      0.4060000              1.0000000        
H   1   1.00
      0.7480000              1.0000000        
I   1   1.00
      1.3450000              1.0000000
****	  
