Parsed shells for element O: FileA=55 shells, FileB=55 shells


=== Group D ===
Basis 1 count: 10
Basis 2 count: 10
Overlap Matrix (Rows=Basis1, Cols=Basis2):
[[2.570e-02, 6.400e-03, 1.500e-03, 4.000e-04, 1.000e-04, 1.000e+00,
  7.402e-01, 3.280e-01, 1.044e-01, 0.000e+00],
 [9.690e-02, 2.610e-02, 6.500e-03, 1.600e-03, 4.000e-04, 7.402e-01,
  1.000e+00, 7.402e-01, 3.280e-01, 1.000e-04],
 [3.088e-01, 9.850e-02, 2.660e-02, 6.600e-03, 1.700e-03, 3.280e-01,
  7.402e-01, 1.000e+00, 7.402e-01, 6.000e-04],
 [7.144e-01, 3.128e-01, 1.001e-01, 2.710e-02, 7.300e-03, 1.044e-01,
  3.280e-01, 7.402e-01, 1.000e+00, 2.700e-03],
 [1.000e+00, 7.457e-01, 3.365e-01, 1.097e-01, 3.240e-02, 2.570e-02,
  9.690e-02, 3.088e-01, 7.144e-01, 1.250e-02],
 [7.457e-01, 1.000e+00, 7.458e-01, 3.370e-01, 1.189e-01, 6.400e-03,
  2.610e-02, 9.850e-02, 3.128e-01, 5.040e-02],
 [3.365e-01, 7.458e-01, 1.000e+00, 7.465e-01, 3.653e-01, 1.500e-03,
  6.500e-03, 2.660e-02, 1.001e-01, 1.877e-01],
 [1.097e-01, 3.370e-01, 7.465e-01, 1.000e+00, 7.985e-01, 4.000e-04,
  1.600e-03, 6.600e-03, 2.710e-02, 5.697e-01],
 [3.240e-02, 1.189e-01, 3.653e-01, 7.985e-01, 1.000e+00, 1.000e-04,
  4.000e-04, 1.700e-03, 7.300e-03, 9.360e-01],
 [1.250e-02, 5.040e-02, 1.877e-01, 5.697e-01, 9.360e-01, 0.000e+00,
  1.000e-04, 6.000e-04, 2.700e-03, 1.000e+00]]

=== Group F ===
Basis 1 count: 8
Basis 2 count: 8
Overlap Matrix (Rows=Basis1, Cols=Basis2):
[[1.350e-02, 2.400e-03, 4.000e-04, 1.000e-04, 1.000e+00, 5.676e-01,
  1.304e-01, 0.000e+00],
 [1.004e-01, 2.100e-02, 3.800e-03, 7.000e-04, 5.676e-01, 1.000e+00,
  5.676e-01, 1.000e-04],
 [4.807e-01, 1.464e-01, 3.240e-02, 6.200e-03, 1.304e-01, 5.676e-01,
  1.000e+00, 1.400e-03],
 [1.000e+00, 6.982e-01, 2.624e-01, 6.690e-02, 1.350e-02, 1.004e-01,
  4.807e-01, 1.790e-02],
 [6.982e-01, 1.000e+00, 6.982e-01, 2.683e-01, 2.400e-03, 2.100e-02,
  1.464e-01, 9.170e-02],
 [2.624e-01, 6.982e-01, 1.000e+00, 7.136e-01, 4.000e-04, 3.800e-03,
  3.240e-02, 3.774e-01],
 [6.690e-02, 2.683e-01, 7.136e-01, 1.000e+00, 1.000e-04, 7.000e-04,
  6.200e-03, 8.673e-01],
 [1.790e-02, 9.170e-02, 3.774e-01, 8.673e-01, 0.000e+00, 1.000e-04,
  1.400e-03, 1.000e+00]]

=== Group G ===
Basis 1 count: 6
Basis 2 count: 6
Overlap Matrix (Rows=Basis1, Cols=Basis2):
[[1.670e-02, 1.900e-03, 2.000e-04, 1.000e+00, 3.800e-01, 0.000e+00],
 [2.292e-01, 3.850e-02, 4.700e-03, 3.800e-01, 1.000e+00, 6.000e-04],
 [1.000e+00, 6.058e-01, 1.571e-01, 1.670e-02, 2.292e-01, 3.000e-02],
 [6.058e-01, 1.000e+00, 6.057e-01, 1.900e-03, 3.850e-02, 1.929e-01],
 [1.571e-01, 6.057e-01, 1.000e+00, 2.000e-04, 4.700e-03, 7.055e-01],
 [3.000e-02, 1.929e-01, 7.055e-01, 0.000e+00, 6.000e-04, 1.000e+00]]

=== Group H ===
Basis 1 count: 4
Basis 2 count: 4
Overlap Matrix (Rows=Basis1, Cols=Basis2):
[[7.100e-03, 4.000e-04, 1.000e+00, 0.000e+00],
 [1.000e+00, 4.966e-01, 7.100e-03, 1.381e-01],
 [4.966e-01, 1.000e+00, 4.000e-04, 6.818e-01],
 [1.381e-01, 6.818e-01, 0.000e+00, 1.000e+00]]

=== Group I ===
Basis 1 count: 2
Basis 2 count: 2
Overlap Matrix (Rows=Basis1, Cols=Basis2):
[[1.    , 0.6185],
 [0.6185, 1.    ]]

=== Group P ===
Basis 1 count: 12
Basis 2 count: 12
Overlap Matrix (Rows=Basis1, Cols=Basis2):
[[4.380e-02, 1.250e-02, 4.600e-03, 1.700e-03, 7.000e-04, 3.000e-04,
  1.000e+00, 8.243e-01, 4.861e-01, 2.291e-01, 9.520e-02, 2.000e-04],
 [1.093e-01, 3.300e-02, 1.240e-02, 4.600e-03, 1.800e-03, 9.000e-04,
  8.243e-01, 1.000e+00, 8.243e-01, 4.861e-01, 2.291e-01, 6.000e-04],
 [2.530e-01, 8.500e-02, 3.290e-02, 1.230e-02, 4.800e-03, 2.400e-03,
  4.861e-01, 8.243e-01, 1.000e+00, 8.243e-01, 4.861e-01, 1.600e-03],
 [5.128e-01, 2.066e-01, 8.460e-02, 3.260e-02, 1.280e-02, 6.500e-03,
  2.291e-01, 4.861e-01, 8.243e-01, 1.000e+00, 8.243e-01, 4.400e-03],
 [8.367e-01, 4.474e-01, 2.058e-01, 8.400e-02, 3.380e-02, 1.740e-02,
  9.520e-02, 2.291e-01, 4.861e-01, 8.243e-01, 1.000e+00, 1.180e-02],
 [7.887e-01, 1.000e+00, 8.227e-01, 4.820e-01, 2.357e-01, 1.338e-01,
  1.250e-02, 3.300e-02, 8.500e-02, 2.066e-01, 4.474e-01, 9.500e-02],
 [4.530e-01, 8.227e-01, 1.000e+00, 8.220e-01, 5.054e-01, 3.265e-01,
  4.600e-03, 1.240e-02, 3.290e-02, 8.460e-02, 2.058e-01, 2.489e-01],
 [1.615e-01, 3.546e-01, 6.286e-01, 9.142e-01, 9.886e-01, 9.196e-01,
  1.600e-03, 4.200e-03, 1.100e-02, 2.820e-02, 6.910e-02, 8.621e-01],
 [2.093e-01, 4.820e-01, 8.220e-01, 1.000e+00, 8.577e-01, 6.837e-01,
  1.700e-03, 4.600e-03, 1.230e-02, 3.260e-02, 8.400e-02, 5.883e-01],
 [8.960e-02, 2.357e-01, 5.054e-01, 8.577e-01, 1.000e+00, 9.551e-01,
  7.000e-04, 1.800e-03, 4.800e-03, 1.280e-02, 3.380e-02, 9.045e-01],
 [4.760e-02, 1.338e-01, 3.265e-01, 6.837e-01, 9.551e-01, 1.000e+00,
  3.000e-04, 9.000e-04, 2.400e-03, 6.500e-03, 1.740e-02, 9.899e-01],
 [3.360e-02, 9.750e-02, 2.542e-01, 5.952e-01, 9.086e-01, 9.913e-01,
  2.000e-04, 6.000e-04, 1.700e-03, 4.500e-03, 1.210e-02, 9.999e-01]]

=== Group S ===
Basis 1 count: 13
Basis 2 count: 13
Overlap Matrix (Rows=Basis1, Cols=Basis2):
[[ 0.3042, -0.2782,  0.1137,  0.0589,  0.0327,  0.0177,  0.0101,  1.    ,
   0.9181,  0.723 ,  0.5085,  0.3328,  0.0067],
 [ 0.4565, -0.4232,  0.1858,  0.0973,  0.0544,  0.0295,  0.0168,  0.9181,
   1.    ,  0.9181,  0.723 ,  0.5085,  0.0112],
 [ 0.6451, -0.609 ,  0.2978,  0.1596,  0.09  ,  0.049 ,  0.0279,  0.723 ,
   0.9181,  1.    ,  0.9181,  0.723 ,  0.0186],
 [ 0.8374, -0.8079,  0.4607,  0.2578,  0.1478,  0.0811,  0.0464,  0.5085,
   0.723 ,  0.9181,  1.    ,  0.9181,  0.031 ],
 [ 0.9715, -0.9592,  0.669 ,  0.4041,  0.2394,  0.1336,  0.0769,  0.3328,
   0.5085,  0.723 ,  0.9181,  1.    ,  0.0516],
 [ 0.9631, -0.9721,  0.9388,  0.7318,  0.5089,  0.3159,  0.1938,  0.2367,
   0.3613,  0.5249,  0.7119,  0.8823,  0.1349],
 [ 0.8139, -0.8368,  1.    ,  0.8648,  0.6199,  0.3842,  0.2327,  0.1137,
   0.1858,  0.2978,  0.4607,  0.669 ,  0.1601],
 [ 0.5421, -0.5638,  0.8648,  1.    ,  0.8925,  0.6435,  0.4238,  0.0589,
   0.0973,  0.1596,  0.2578,  0.4041,  0.3045],
 [ 0.3372, -0.3525,  0.6199,  0.8925,  1.    ,  0.885 ,  0.6683,  0.0327,
   0.0544,  0.09  ,  0.1478,  0.2394,  0.5199],
 [ 0.209 , -0.2197,  0.4273,  0.694 ,  0.91  ,  0.9961,  0.9117,  0.0157,
   0.027 ,  0.0466,  0.0811,  0.1403,  0.8062],
 [ 0.193 , -0.2022,  0.3842,  0.6435,  0.885 ,  1.    ,  0.9201,  0.0177,
   0.0295,  0.049 ,  0.0811,  0.1336,  0.8108],
 [ 0.1125, -0.118 ,  0.2327,  0.4238,  0.6683,  0.9201,  1.    ,  0.0101,
   0.0168,  0.0279,  0.0464,  0.0769,  0.9733],
 [ 0.0759, -0.0797,  0.1601,  0.3045,  0.5199,  0.8108,  0.9733,  0.0067,
   0.0112,  0.0186,  0.031 ,  0.0516,  1.    ]]